9.332898141961033289e+00
-5.018105872726970063e+00
-3.470029406402638728e+01
5.180726259746230689e+00
2.352673258983850602e+01
5.084335970510064584e+00
-2.873583165885602142e+01
3.634547216181676532e+01
1.024300417799303098e+01
8.404301615318686913e+00
-1.197757199222824021e+01
6.874554016274941226e+00
1.281940821295951594e+01
-1.358535932726997153e+01
-3.429252841789572681e+00
-8.812621107237450957e+00
2.086900405406625136e+00
-6.694057791306500249e-01
2.647934007426659875e+01
3.360839360768313466e-01
-4.675105089735173181e+01
7.966454461408087884e-01
-1.345101333878305105e+00
-1.622999423275489406e+01
1.123941560477961898e+00
-6.820934014030677339e+00
-1.138393685254481902e+01
-1.344564459811044665e+00
-7.259277985852158110e+00
2.766099974574497367e+01
-1.090035183367500338e+01
9.478795923722024952e+00
-2.547747340638274594e+01
1.761640890501421364e+00
-1.073341686652297788e+00
-3.967547909913129445e+00
-9.972082058939639282e+00
1.048658822324472872e+01
9.039596238737954703e-01
4.523374183865308318e+00
-5.303492704690113868e+01
-1.202890879721888773e+01
-3.455343436353429354e+01
-1.521047449001451835e+00
-2.956989604834079088e+01
6.827348465519550658e+00
-3.766582372500070619e+01
7.226504336008511054e+00
-3.313619524509774550e+01
4.653496151894136013e+00
-5.881467255085806478e+00
-1.261805455256411967e+01
-3.292333753258342455e+01
-2.074293645492128135e+01
-1.444821563658457464e+01
-2.047510809512670349e+01
1.046150634639921684e+01
2.053505876802428887e+01
1.126768888233913835e+01
1.794873086316924438e+00
-1.190576473686947523e+00
-1.717115917674768610e+01
1.640157164994888450e-01
6.239199364137065551e+00
2.337204909012351806e+01
2.820841738865641091e+01
-1.874001935762524340e+01
-4.103163480824046161e+01
-3.974254167837666785e+01
-3.821963420626789798e+01
6.372612106648121610e+00
-4.082808064217553934e+00
7.735207089294875438e-01
-1.855932573913830197e+01
5.673931189375878859e+01
-1.673616622529815956e+01
-1.796343562123934490e+01
3.536576536814474281e+01
-1.558238416375966828e+01
3.575919943128826617e+01
4.256842068243101807e+01
-2.830723110790189878e+01
6.398095277465443331e+01
6.620597565246370664e+01
6.392066337295229062e+01
6.615817687346428499e+01
1.000121249040027038e+01
-1.216268300720953910e+01
-1.215624558411981759e+01
1.239974784434210164e+01
-2.549241695221718729e+00
-2.396768281824384950e+00
7.598739886629844342e+00
-2.393412016925792418e+00
-2.557879558750837390e+00
1.240185598133251510e+01
-2.526462073940844100e+00
-2.370966803837395886e+00
1.688908979887410311e+01
-6.083029479922559268e+00
-5.157041148138078235e+00
2.282519500273361501e+01
4.008828021974575506e+01
-1.267795987078493702e+01
1.174186814106055632e+00
-4.113659382950407561e+00
-1.299982219899339952e+01
8.399683060915887012e+00
-1.978327044584057504e+01
3.517146951583006143e+01
-4.446616061747612925e+00
3.978062586443336657e-01
1.115899064581627798e+01
-3.409663476148940831e-01
-8.265201996940380269e+00
2.545004215319167074e+01
-2.581248464276511001e+01
2.316303805862236231e+01
-1.137420191114617651e+01
-1.636123323467069213e+01
1.871199258368482887e+01
-2.412767347962451581e+01
-4.063022464517379007e+01
-1.233910074939121415e+01
4.919999573329240761e+00
7.900157957980010082e+00
2.678744697673794661e+01
-2.632987023115662240e+00
-2.820055259478704102e+01
1.251631429540060569e+00
2.337092681258448934e+00
5.866198329798226538e-75
4.300939486737123216e-93
-6.652899666382488419e+00
-8.177099032017075331e+00
-7.308875085427923857e+00
-9.407410969337696827e+00
-1.000973819104193652e+01
-1.309921382335316586e+01
4.353466142190916877e+00
-1.754486775061928627e+00
5.645298027378517602e+00
3.632044597107391581e+00
-3.279068737622897078e+00
7.025369209097844347e+00
9.839049180475900158e+00
-3.794896217049037901e+00
2.006706954621509720e+00
2.337092681258448934e+00
-5.026286824722662215e-58
1.618040511800450935e-76
-4.224789370210189077e-01
1.734601055388106161e+01
-1.272965675812887376e+01
4.027855981697788579e+00
1.000834585569826629e+00
5.108256237659904997e+00
8.564821460841173462e+00
2.006706954621509720e+00
-4.054651081081644293e+00
9.319978481862085218e+00
-3.794896217049037901e+00
1.033015006182296602e+01
6.300209949917050523e+00
-1.049184567364232201e+01
-5.108256236839314290e+00
2.126135400655675411e+00
5.744863450995743470e+00
1.754486787136858350e+00
8.096081109203145942e+00
-1.657272454254554939e+00
-2.133051023498544474e+00
1.984409474475749002e+00
-3.612476680649279182e+00
1.578268143632908238e+00
1.040315356306548811e+00
3.791931076687514501e+00
9.075570345133343153e+00
2.337092702930487764e+00
8.204142542207907951e+00
2.912123685909364983e-08
